imu_type: 11
imu_frame: imu_link
i2c_bus: 1
i2c_slave_address: 104
fusion_type: 2

mpu9250:
  #Sample Rates
  compass_sample_rate: 40
  gyro_accel_sample_rate: 80
  
  #Accel
  accel_low_pass_filter: 3
  accel_full_scale_range: 16
  
  #Gyro
  gyro_low_pass_filter: 3
  gyro_full_scale_range: 16

#Calibration
calib:
  compass_min: [-30.535084, -63.782974, -88.015739]
  compass_max: [60.436874, 43.376873, 38.266056]
  
  accel_min: [-0.427213, -0.123915, -1.080330]
  accel_max: [0.090722, 0.906998, 1.031183]
  
  gyro_bias: [-0.005255, 0.000841, 0.020399]      

  compass_ellipsoid: [15.610046, -6.109443, 15.682873]
  compass_corrections: [[0.582653, 0.001706, -0.050492],
                        [0.001706, 0.935674, -0.049079],
                        [-0.050492, -0.049079, 0.956126]]

  
