imu_type: 11
imu_frame: imu_link
i2c_bus: 1
i2c_slave_address: 104
fusion_type: 2

mpu9250:
  #Sample Rates
  compass_sample_rate: 40
  gyro_accel_sample_rate: 80
  
  #Accel
  accel_low_pass_filter: 3
  accel_full_scale_range: 16
  
  #Gyro
  gyro_low_pass_filter: 3
  gyro_full_scale_range: 16

#Calibration
calib:
  compass_min: [-52.963257, -95.990555, -72.578537]
  compass_max: [40.098412, -29.418728, 7.345686]
  
  accel_min: [-0.257566, -0.215596, -0.973629]
  accel_max: [0.318015, 0.892310, 1.314001]
  
  gyro_bias: [0.028042, -0.005292, -0.021366]      

  compass_ellipsoid: [4.613784, -12.267429, -4.492894]
  compass_corrections: [[0.998086, 0.016213, -0.003007],
                        [0.016213, 0.753982, -0.007521],
                        [-0.003007, -0.007521, 0.985264]]

  
