imu_type: 11
imu_frame: imu_link
i2c_bus: 1
i2c_slave_address: 104
fusion_type: 2

mpu9250:
  #Sample Rates
  compass_sample_rate: 40
  gyro_accel_sample_rate: 80
  
  #Accel
  accel_low_pass_filter: 3
  accel_full_scale_range: 16
  
  #Gyro
  gyro_low_pass_filter: 3
  gyro_full_scale_range: 16

#Calibration
calib:
  compass_min: [-30.535084, -63.782974, -88.015739]
  compass_max: [60.436874, 43.376873, 38.266056]
  
  accel_min: [-0.427213, -0.123915, -1.080330]
  accel_max: [0.090722, 0.906998, 1.031183]
             
  
  
